# name: debug
# type: sparse matrix
# nnz: 1800
# rows: 108
# columns: 108

1 1 0.987909141
2 1 0.0101699167
3 1 -0.108817475
4 1 5.4492346
5 1 -0.0183274853
6 1 99.2428264
7 1 -0.987909141
8 1 -0.0101699167
9 1 0.108817475
10 1 -5.4492346
11 1 0.0183274853
12 1 -99.2428264
1 2 0.0101699167
2 2 0.000104693034
3 2 -0.00112020894
4 2 0.0560965168
5 2 -0.000188670182
6 2 1.02164382
7 2 -0.0101699167
8 2 -0.000104693034
9 2 0.00112020894
10 2 -0.0560965168
11 2 0.000188670182
12 2 -1.02164382
1 3 -0.108817475
2 3 -0.00112020894
3 3 0.0119861658
4 3 -0.600229234
5 3 0.00201875919
6 3 -10.9315253
7 3 0.108817475
8 3 0.00112020894
9 3 -0.0119861658
10 3 0.600229234
11 3 -0.00201875919
12 3 10.9315253
1 4 5.4492346
2 4 0.0560965168
3 4 -0.600229234
4 4 0
5 4 0
6 4 0
7 4 -5.4492346
8 4 -0.0560965168
9 4 0.600229234
10 4 0
11 4 0
12 4 0
1 5 -0.0183274853
2 5 -0.000188670182
3 5 0.00201875919
4 5 0
5 5 0
6 5 0
7 5 0.0183274853
8 5 0.000188670182
9 5 -0.00201875919
10 5 0
11 5 0
12 5 0
1 6 99.2428264
2 6 1.02164382
3 6 -10.9315253
4 6 0
5 6 0
6 6 0
7 6 -99.2428264
8 6 -1.02164382
9 6 10.9315253
10 6 0
11 6 0
12 6 0
1 7 -0.987909141
2 7 -0.0101699167
3 7 0.108817475
4 7 -5.4492346
5 7 0.0183274853
6 7 -99.2428264
7 7 1.97698837
8 7 0.0243149594
9 7 -0.211780679
10 7 10.6069965
11 7 -0.37931393
12 7 198.558405
13 7 -0.989079233
14 7 -0.0141450427
15 7 0.102963204
16 7 -5.15776189
17 7 0.360986445
18 7 -99.3155785
1 8 -0.0101699167
2 8 -0.000104693034
3 8 0.00112020894
4 8 -0.0560965168
5 8 0.000188670182
6 8 -1.02164382
7 8 0.0243149594
8 8 0.000306984445
9 8 -0.00259270869
10 8 0.12985882
11 8 -0.00535121786
12 8 2.44197807
13 8 -0.0141450427
14 8 -0.000202291411
15 8 0.00147249975
16 8 -0.0737623032
17 8 0.00516254767
18 8 -1.42033424
1 9 0.108817475
2 9 0.00112020894
3 9 -0.0119861658
4 9 0.600229234
5 9 -0.00201875919
6 9 10.9315253
7 9 -0.211780679
8 9 -0.00259270869
9 9 0.0227046412
10 9 -1.13715254
11 9 0.0395974687
12 9 -21.2702826
13 9 0.102963204
14 9 0.00147249975
15 9 -0.0107184754
16 9 0.536923306
17 9 -0.0375787095
18 9 10.3387574
1 10 -5.4492346
2 10 -0.0560965168
3 10 0.600229234
4 10 0
5 10 0
6 10 0
7 10 10.6069965
8 10 0.12985882
9 10 -1.13715254
10 10 0
11 10 0
12 10 0
13 10 -5.15776189
14 10 -0.0737623032
15 10 0.536923306
16 10 0
17 10 0
18 10 0
1 11 0.0183274853
2 11 0.000188670182
3 11 -0.00201875919
4 11 0
5 11 0
6 11 0
7 11 -0.37931393
8 11 -0.00535121786
9 11 0.0395974687
10 11 0
11 11 0
12 11 0
13 11 0.360986445
14 11 0.00516254767
15 11 -0.0375787095
16 11 0
17 11 0
18 11 0
1 12 -99.2428264
2 12 -1.02164382
3 12 10.9315253
4 12 0
5 12 0
6 12 0
7 12 198.558405
8 12 2.44197807
9 12 -21.2702826
10 12 0
11 12 0
12 12 0
13 12 -99.3155785
14 12 -1.42033424
15 12 10.3387574
16 12 0
17 12 0
18 12 0
7 13 -0.989079233
8 13 -0.0141450427
9 13 0.102963204
10 13 -5.15776189
11 13 0.360986445
12 13 -99.3155785
13 13 1.9770133
14 13 0.0280703632
15 13 -0.211251839
16 13 10.5817116
17 13 -0.548567478
18 13 198.559794
19 13 -0.98793407
20 13 -0.0139253205
21 13 0.108288635
22 13 -5.42394975
23 13 0.187581033
24 13 -99.244215
7 14 -0.0141450427
8 14 -0.000202291411
9 14 0.00147249975
10 14 -0.0737623032
11 14 0.00516254767
12 14 -1.42033424
13 14 0.0280703632
14 14 0.000398574297
15 14 -0.00299887078
16 14 0.150215015
17 14 -0.00780657633
18 14 2.8192206
19 14 -0.0139253205
20 14 -0.000196282885
21 14 0.00152637103
22 14 -0.0764527114
23 14 0.00264402866
24 14 -1.39888636
7 15 0.102963204
8 15 0.00147249975
9 15 -0.0107184754
10 15 0.536923306
11 15 -0.0375787095
12 15 10.3387574
13 15 -0.211251839
14 15 -0.00299887078
15 15 0.0225881222
16 15 -1.13144892
17 15 0.0581396908
18 15 -21.2170345
19 15 0.108288635
20 15 0.00152637103
21 15 -0.0118696468
22 15 0.594525619
23 15 -0.0205609813
24 15 10.8782771
7 16 -5.15776189
8 16 -0.0737623032
9 16 0.536923306
10 16 0
11 16 0
12 16 0
13 16 10.5817116
14 16 0.150215015
15 16 -1.13144892
16 16 0
17 16 0
18 16 0
19 16 -5.42394975
20 16 -0.0764527114
21 16 0.594525619
22 16 0
23 16 0
24 16 0
7 17 0.360986445
8 17 0.00516254767
9 17 -0.0375787095
10 17 0
11 17 0
12 17 0
13 17 -0.548567478
14 17 -0.00780657633
15 17 0.0581396908
16 17 0
17 17 0
18 17 0
19 17 0.187581033
20 17 0.00264402866
21 17 -0.0205609813
22 17 0
23 17 0
24 17 0
7 18 -99.3155785
8 18 -1.42033424
9 18 10.3387574
10 18 0
11 18 0
12 18 0
13 18 198.559794
14 18 2.8192206
15 18 -21.2170345
16 18 0
17 18 0
18 18 0
19 18 -99.244215
20 18 -1.39888636
21 18 10.8782771
22 18 0
23 18 0
24 18 0
13 19 -0.98793407
14 19 -0.0139253205
15 19 0.108288635
16 19 -5.42394975
17 19 0.187581033
18 19 -99.244215
19 19 1.97589814
20 19 0.0271477107
21 19 -0.216530194
22 19 10.8459446
23 19 -0.449926934
24 19 198.490143
25 19 -0.98796407
26 19 -0.0132223903
27 19 0.108241559
28 19 -5.42199487
29 19 0.262345901
30 19 -99.2459279
13 20 -0.0139253205
14 20 -0.000196282885
15 20 0.00152637103
16 20 -0.0764527114
17 20 0.00264402866
18 20 -1.39888636
19 20 0.0271477107
20 20 0.000373244386
21 20 -0.002975019
22 20 0.149017832
23 20 -0.0061551279
24 20 2.72714154
25 20 -0.0132223903
26 20 -0.000176961501
27 20 0.00144864797
28 20 -0.072565121
29 20 0.00351109924
30 20 -1.32825518
13 21 0.108288635
14 21 0.00152637103
15 21 -0.0118696468
16 21 0.594525619
17 21 -0.0205609813
18 21 10.8782771
19 21 -0.216530194
20 21 -0.002975019
21 21 0.0237286157
22 21 -1.18856056
23 21 0.0493036556
24 21 -21.7516826
25 21 0.108241559
26 21 0.00144864797
27 21 -0.0118589689
28 21 0.594034943
29 21 -0.0287426743
30 21 10.8734056
13 22 -5.42394975
14 22 -0.0764527114
15 22 0.594525619
16 22 0
17 22 0
18 22 0
19 22 10.8459446
20 22 0.149017832
21 22 -1.18856056
22 22 0
23 22 0
24 22 0
25 22 -5.42199487
26 22 -0.072565121
27 22 0.594034943
28 22 0
29 22 0
30 22 0
13 23 0.187581033
14 23 0.00264402866
15 23 -0.0205609813
16 23 0
17 23 0
18 23 0
19 23 -0.449926934
20 23 -0.0061551279
21 23 0.0493036556
22 23 0
23 23 0
24 23 0
25 23 0.262345901
26 23 0.00351109924
27 23 -0.0287426743
28 23 0
29 23 0
30 23 0
13 24 -99.244215
14 24 -1.39888636
15 24 10.8782771
16 24 0
17 24 0
18 24 0
19 24 198.490143
20 24 2.72714154
21 24 -21.7516826
22 24 0
23 24 0
24 24 0
25 24 -99.2459279
26 24 -1.32825518
27 24 10.8734056
28 24 0
29 24 0
30 24 0
19 25 -0.98796407
20 25 -0.0132223903
21 25 0.108241559
22 25 -5.42199487
23 25 0.262345901
24 25 -99.2459279
25 25 1.97670201
26 25 0.0214250666
27 25 -0.213445834
28 25 10.6901886
29 25 -0.393568733
30 25 198.540668
31 25 -0.988737943
32 25 -0.00820267629
33 25 0.105204275
34 25 -5.26819376
35 25 0.131222831
36 25 -99.2947397
19 26 -0.0132223903
20 26 -0.000176961501
21 26 0.00144864797
22 26 -0.072565121
23 26 0.00351109924
24 26 -1.32825518
25 26 0.0214250666
26 26 0.000245011785
27 26 -0.00232143394
28 26 0.116270623
29 26 -0.00459973796
30 26 2.15201502
31 26 -0.00820267629
32 26 -6.80502845e-05
33 26 0.000872785977
34 26 -0.0437055019
35 26 0.00108863872
36 26 -0.823759837
19 27 0.108241559
20 27 0.00144864797
21 27 -0.0118589689
22 27 0.594034943
23 27 -0.0287426743
24 27 10.8734056
25 27 -0.213445834
26 27 -0.00232143394
27 27 0.0230529759
28 27 -1.15458439
29 27 0.042705123
30 27 -21.4386227
31 27 0.105204275
32 27 0.000872785977
33 27 -0.011194007
34 27 0.560549444
35 27 -0.0139624487
36 27 10.5652172
19 28 -5.42199487
20 28 -0.072565121
21 28 0.594034943
22 28 0
23 28 0
24 28 0
25 28 10.6901886
26 28 0.116270623
27 28 -1.15458439
28 28 0
29 28 0
30 28 0
31 28 -5.26819376
32 28 -0.0437055019
33 28 0.560549444
34 28 0
35 28 0
36 28 0
19 29 0.262345901
20 29 0.00351109924
21 29 -0.0287426743
22 29 0
23 29 0
24 29 0
25 29 -0.393568733
26 29 -0.00459973796
27 29 0.042705123
28 29 0
29 29 0
30 29 0
31 29 0.131222831
32 29 0.00108863872
33 29 -0.0139624487
34 29 0
35 29 0
36 29 0
19 30 -99.2459279
20 30 -1.32825518
21 30 10.8734056
22 30 0
23 30 0
24 30 0
25 30 198.540668
26 30 2.15201502
27 30 -21.4386227
28 30 0
29 30 0
30 30 0
31 30 -99.2947397
32 30 -0.823759837
33 30 10.5652172
34 30 0
35 30 0
36 30 0
25 31 -0.988737943
26 31 -0.00820267629
27 31 0.105204275
28 31 -5.26819376
29 31 0.131222831
30 31 -99.2947397
31 31 1.9774073
32 31 0.0159463527
33 31 -0.210761329
34 31 10.5532972
35 31 -0.0645040304
36 31 198.585241
37 31 -0.98866936
38 31 -0.00774367637
39 31 0.105557054
40 31 -5.28510345
41 31 -0.0667188008
42 31 -99.2905017
25 32 -0.00820267629
26 32 -6.80502845e-05
27 32 0.000872785977
28 32 -0.0437055019
29 32 0.00108863872
30 32 -0.823759837
31 32 0.0159463527
32 32 0.000128702031
33 32 -0.00169955345
34 32 0.0851006663
35 32 -0.000566068865
36 32 1.60144502
37 32 -0.00774367637
38 32 -6.06517469e-05
39 32 0.00082676747
40 32 -0.0413951644
41 32 -0.000522569852
42 32 -0.777685183
25 33 0.105204275
26 33 0.000872785977
27 33 -0.011194007
28 33 0.560549444
29 33 -0.0139624487
30 33 10.5652172
31 33 -0.210761329
32 33 -0.00169955345
33 33 0.0224639948
34 33 -1.12482298
35 33 0.0068390965
36 33 -21.1661453
37 33 0.105557054
38 33 0.00082676747
39 33 -0.0112699878
40 33 0.564273531
41 33 0.0071233522
42 33 10.6009282
25 34 -5.26819376
26 34 -0.0437055019
27 34 0.560549444
28 34 0
29 34 0
30 34 0
31 34 10.5532972
32 34 0.0851006663
33 34 -1.12482298
34 34 0
35 34 0
36 34 0
37 34 -5.28510345
38 34 -0.0413951644
39 34 0.564273531
40 34 0
41 34 0
42 34 0
25 35 0.131222831
26 35 0.00108863872
27 35 -0.0139624487
28 35 0
29 35 0
30 35 0
31 35 -0.0645040304
32 35 -0.000566068865
33 35 0.0068390965
34 35 0
35 35 0
36 35 0
37 35 -0.0667188008
38 35 -0.000522569852
39 35 0.0071233522
40 35 0
41 35 0
42 35 0
25 36 -99.2947397
26 36 -0.823759837
27 36 10.5652172
28 36 0
29 36 0
30 36 0
31 36 198.585241
32 36 1.60144502
33 36 -21.1661453
34 36 0
35 36 0
36 36 0
37 36 -99.2905017
38 36 -0.777685183
39 36 10.6009282
40 36 0
41 36 0
42 36 0
31 37 -0.98866936
32 37 -0.00774367637
33 37 0.105557054
34 37 -5.28510345
35 37 -0.0667188008
36 37 -99.2905017
37 37 1.97796941
38 37 0.017335839
39 37 -0.207994615
40 37 10.4136432
41 37 0.112319657
42 37 198.620576
43 37 -0.989300048
44 37 -0.00959216267
45 37 0.102437561
46 37 -5.12853977
47 37 -0.0456008566
48 37 -99.3300738
31 38 -0.00774367637
32 38 -6.06517469e-05
33 38 0.00082676747
34 38 -0.0413951644
35 38 -0.000522569852
36 38 -0.777685183
37 38 0.017335839
38 38 0.000153656478
39 38 -0.00181999268
40 38 0.0911210164
41 38 0.000964711582
42 38 1.74078048
43 38 -0.00959216267
44 38 -9.30047308e-05
45 38 0.000993225207
46 38 -0.0497258519
47 38 -0.00044214173
48 38 -0.9630953
31 39 0.105557054
32 39 0.00082676747
33 39 -0.0112699878
34 39 0.564273531
35 39 0.0071233522
36 39 10.6009282
37 39 -0.207994615
38 39 -0.00181999268
39 39 0.0218769355
40 39 -1.09531071
41 39 -0.0118451154
42 39 -20.8861096
43 39 0.102437561
44 39 0.000993225207
45 39 -0.0106069477
46 39 0.531037176
47 39 0.00472176316
48 39 10.2851814
31 40 -5.28510345
32 40 -0.0413951644
33 40 0.564273531
34 40 0
35 40 0
36 40 0
37 40 10.4136432
38 40 0.0911210164
39 40 -1.09531071
40 40 0
41 40 0
42 40 0
43 40 -5.12853977
44 40 -0.0497258519
45 40 0.531037176
46 40 0
47 40 0
48 40 0
31 41 -0.0667188008
32 41 -0.000522569852
33 41 0.0071233522
34 41 0
35 41 0
36 41 0
37 41 0.112319657
38 41 0.000964711582
39 41 -0.0118451154
40 41 0
41 41 0
42 41 0
43 41 -0.0456008566
44 41 -0.00044214173
45 41 0.00472176316
46 41 0
47 41 0
48 41 0
31 42 -99.2905017
32 42 -0.777685183
33 42 10.6009282
34 42 0
35 42 0
36 42 0
37 42 198.620576
38 42 1.74078048
39 42 -20.8861096
40 42 0
41 42 0
42 42 0
43 42 -99.3300738
44 42 -0.9630953
45 42 10.2851814
46 42 0
47 42 0
48 42 0
37 43 -0.989300048
38 43 -0.00959216267
39 43 0.102437561
40 43 -5.12853977
41 43 -0.0456008566
42 43 -99.3300738
43 43 1.97887034
44 43 0.0168573507
45 43 -0.203769421
46 43 10.2031166
47 43 -0.332653949
48 43 198.676387
49 43 -0.989570292
50 43 -0.00726518801
51 43 0.101331861
52 43 -5.07457686
53 43 0.378254806
54 43 -99.3463129
37 44 -0.00959216267
38 44 -9.30047308e-05
39 44 0.000993225207
40 44 -0.0497258519
41 44 -0.00044214173
42 44 -0.9630953
43 44 0.0168573507
44 44 0.000146344001
45 44 -0.00173717945
46 44 0.0869821795
47 44 -0.00233491443
48 44 1.69247213
49 44 -0.00726518801
50 44 -5.33392698e-05
51 44 0.000743954243
52 44 -0.0372563275
53 44 0.00277705616
54 44 -0.729376828
37 45 0.102437561
38 45 0.000993225207
39 45 -0.0106069477
40 45 0.531037176
41 45 0.00472176316
42 45 10.2851814
43 45 -0.203769421
44 45 -0.00173717945
45 45 0.0209833161
46 45 -1.05067314
47 45 0.0340114764
48 45 -20.4582301
49 45 0.101331861
50 45 0.000743954243
51 45 -0.0103763685
52 45 0.519635966
53 45 -0.0387332396
54 45 10.1730487
37 46 -5.12853977
38 46 -0.0497258519
39 46 0.531037176
40 46 0
41 46 0
42 46 0
43 46 10.2031166
44 46 0.0869821795
45 46 -1.05067314
46 46 0
47 46 0
48 46 0
49 46 -5.07457686
50 46 -0.0372563275
51 46 0.519635966
52 46 0
53 46 0
54 46 0
37 47 -0.0456008566
38 47 -0.00044214173
39 47 0.00472176316
40 47 0
41 47 0
42 47 0
43 47 -0.332653949
44 47 -0.00233491443
45 47 0.0340114764
46 47 0
47 47 0
48 47 0
49 47 0.378254806
50 47 0.00277705616
51 47 -0.0387332396
52 47 0
53 47 0
54 47 0
37 48 -99.3300738
38 48 -0.9630953
39 48 10.2851814
40 48 0
41 48 0
42 48 0
43 48 198.676387
44 48 1.69247213
45 48 -20.4582301
46 48 0
47 48 0
48 48 0
49 48 -99.3463129
50 48 -0.729376828
51 48 10.1730487
52 48 0
53 48 0
54 48 0
43 49 -0.989570292
44 49 -0.00726518801
45 49 0.101331861
46 49 -5.07457686
47 49 0.378254806
48 49 -99.3463129
49 49 1.97899166
50 49 0.0127556459
51 49 -0.203491421
52 49 10.1881029
53 49 0.0517684243
54 49 198.683076
55 49 -0.989421372
56 49 -0.00549045787
57 49 0.102159561
58 49 -5.11352603
59 49 -0.43002323
60 49 -99.3367627
43 50 -0.00726518801
44 50 -5.33392698e-05
45 50 0.000743954243
46 50 -0.0372563275
47 50 0.00277705616
48 50 -0.729376828
49 50 0.0127556459
50 50 8.3806701e-05
51 50 -0.00131085403
52 50 0.0656321036
53 50 -0.000390788295
54 50 1.28061246
55 50 -0.00549045787
56 50 -3.04674312e-05
57 50 0.000566899786
58 50 -0.028375776
59 50 -0.00238626787
60 50 -0.551235627
43 51 0.101331861
44 51 0.000743954243
45 51 -0.0103763685
46 51 0.519635966
47 51 -0.0387332396
48 51 10.1730487
49 51 -0.203491421
50 51 -0.00131085403
51 51 0.0209245294
52 51 -1.04761685
53 51 -0.00566744302
54 51 -20.4297505
55 51 0.102159561
56 51 0.000566899786
57 51 -0.0105481609
58 51 0.527980887
59 51 0.0444006826
60 51 10.2567019
43 52 -5.07457686
44 52 -0.0372563275
45 52 0.519635966
46 52 0
47 52 0
48 52 0
49 52 10.1881029
50 52 0.0656321036
51 52 -1.04761685
52 52 0
53 52 0
54 52 0
55 52 -5.11352603
56 52 -0.028375776
57 52 0.527980887
58 52 0
59 52 0
60 52 0
43 53 0.378254806
44 53 0.00277705616
45 53 -0.0387332396
46 53 0
47 53 0
48 53 0
49 53 0.0517684243
50 53 -0.000390788295
51 53 -0.00566744302
52 53 0
53 53 0
54 53 0
55 53 -0.43002323
56 53 -0.00238626787
57 53 0.0444006826
58 53 0
59 53 0
60 53 0
43 54 -99.3463129
44 54 -0.729376828
45 54 10.1730487
46 54 0
47 54 0
48 54 0
49 54 198.683076
50 54 1.28061246
51 54 -20.4297505
52 54 0
53 54 0
54 54 0
55 54 -99.3367627
56 54 -0.551235627
57 54 10.2567019
58 54 0
59 54 0
60 54 0
49 55 -0.989421372
50 55 -0.00549045787
51 55 0.102159561
52 55 -5.11352603
53 55 -0.43002323
54 55 -99.3367627
55 55 1.97806026
56 55 0.0190529786
57 55 -0.207269468
58 55 10.3781813
59 55 0.185123425
60 55 198.625073
61 55 -0.988638891
62 55 -0.0135625207
63 55 0.105109907
64 55 -5.26465526
65 55 0.244899805
66 55 -99.2883107
49 56 -0.00549045787
50 56 -3.04674312e-05
51 56 0.000566899786
52 56 -0.028375776
53 56 -0.00238626787
54 56 -0.551235627
55 56 0.0190529786
56 56 0.000216523199
57 56 -0.00200883709
58 56 0.1005983
59 56 -0.000973359906
60 56 1.91331007
61 56 -0.0135625207
62 56 -0.000186055768
63 56 0.0014419373
64 56 -0.072222524
65 56 0.00335962777
66 56 -1.36207445
49 57 0.102159561
50 57 0.000566899786
51 57 -0.0105481609
52 57 0.527980887
53 57 0.0444006826
54 57 10.2567019
55 57 -0.207269468
56 57 -0.00200883709
57 57 0.0217232146
58 57 -1.08770743
59 57 -0.0183634753
60 57 -20.8128162
61 57 0.105109907
62 57 0.0014419373
63 57 -0.0111750536
64 57 0.559726541
65 57 -0.0260372074
66 57 10.5561143
49 58 -5.11352603
50 58 -0.028375776
51 58 0.527980887
52 58 0
53 58 0
54 58 0
55 58 10.3781813
56 58 0.1005983
57 58 -1.08770743
58 58 0
59 58 0
60 58 0
61 58 -5.26465526
62 58 -0.072222524
63 58 0.559726541
64 58 0
65 58 0
66 58 0
49 59 -0.43002323
50 59 -0.00238626787
51 59 0.0444006826
52 59 0
53 59 0
54 59 0
55 59 0.185123425
56 59 -0.000973359906
57 59 -0.0183634753
58 59 0
59 59 0
60 59 0
61 59 0.244899805
62 59 0.00335962777
63 59 -0.0260372074
64 59 0
65 59 0
66 59 0
49 60 -99.3367627
50 60 -0.551235627
51 60 10.2567019
52 60 0
53 60 0
54 60 0
55 60 198.625073
56 60 1.91331007
57 60 -20.8128162
58 60 0
59 60 0
60 60 0
61 60 -99.2883107
62 60 -1.36207445
63 60 10.5561143
64 60 0
65 60 0
66 60 0
55 61 -0.988638891
56 61 -0.0135625207
57 61 0.105109907
58 61 -5.26465526
59 61 0.244899805
60 61 -99.2883107
61 61 1.97783985
62 61 0.0232688543
63 61 -0.20800891
64 61 10.4163434
65 61 -0.195968648
66 61 198.612168
67 61 -0.989200963
68 61 -0.00970633359
69 61 0.102899003
70 61 -5.15168819
71 61 -0.0489311566
72 61 -99.3238577
55 62 -0.0135625207
56 62 -0.000186055768
57 62 0.0014419373
58 62 -0.072222524
59 62 0.00335962777
60 62 -1.36207445
61 62 0.0232688543
62 62 0.000281297196
63 62 -0.00245161288
64 62 0.122772418
65 62 -0.00287950074
66 62 2.33666963
67 62 -0.00970633359
68 62 -9.52414274e-05
69 62 0.00100967557
70 62 -0.0505498943
71 62 -0.000480127038
72 62 -0.974595185
55 63 0.105109907
56 63 0.0014419373
57 63 -0.0111750536
58 63 0.559726541
59 63 -0.0260372074
60 63 10.5561143
61 63 -0.20800891
62 63 -0.00245161288
63 63 0.0218788491
64 63 -1.09561722
65 63 0.0209472738
66 63 -20.8880148
67 63 0.102899003
68 63 0.00100967557
69 63 -0.0107037955
70 63 0.535890681
71 63 0.0050899336
72 63 10.3319005
55 64 -5.26465526
56 64 -0.072222524
57 64 0.559726541
58 64 0
59 64 0
60 64 0
61 64 10.4163434
62 64 0.122772418
63 64 -1.09561722
64 64 0
65 64 0
66 64 0
67 64 -5.15168819
68 64 -0.0505498943
69 64 0.535890681
70 64 0
71 64 0
72 64 0
55 65 0.244899805
56 65 0.00335962777
57 65 -0.0260372074
58 65 0
59 65 0
60 65 0
61 65 -0.195968648
62 65 -0.00287950074
63 65 0.0209472738
64 65 0
65 65 0
66 65 0
67 65 -0.0489311566
68 65 -0.000480127038
69 65 0.0050899336
70 65 0
71 65 0
72 65 0
55 66 -99.2883107
56 66 -1.36207445
57 66 10.5561143
58 66 0
59 66 0
60 66 0
61 66 198.612168
62 66 2.33666963
63 66 -20.8880148
64 66 0
65 66 0
66 66 0
67 66 -99.3238577
68 66 -0.974595185
69 66 10.3319005
70 66 0
71 66 0
72 66 0
61 67 -0.989200963
62 67 -0.00970633359
63 67 0.102899003
64 67 -5.15168819
65 67 -0.0489311566
66 67 -99.3238577
67 67 1.97862934
68 67 0.0246526756
69 67 -0.204074444
70 67 10.2211696
71 67 -0.491113651
72 67 198.660523
73 67 -0.989428378
74 67 -0.014946342
75 67 0.101175441
76 67 -5.06948137
77 67 0.540044808
78 67 -99.3366649
61 68 -0.00970633359
62 68 -9.52414274e-05
63 68 0.00100967557
64 68 -0.0505498943
65 68 -0.000480127038
66 68 -0.974595185
67 68 0.0246526756
68 68 0.000321021429
69 68 -0.00253803556
70 68 0.127129669
71 68 -0.00767781001
72 68 2.47517856
73 68 -0.014946342
74 68 -0.000225780001
75 68 0.00152835999
76 68 -0.076579775
77 68 0.00815793705
78 68 -1.50058337
61 69 0.102899003
62 69 0.00100967557
63 69 -0.0107037955
64 69 0.535890681
65 69 0.0050899336
66 69 10.3319005
67 69 -0.204074444
68 69 -0.00253803556
69 69 0.0210496377
70 69 -1.05427789
71 69 0.0501331354
72 69 -20.489716
73 69 0.101175441
74 69 0.00152835999
75 69 -0.0103458422
76 69 0.518387207
77 69 -0.055223069
78 69 10.1578155
61 70 -5.15168819
62 70 -0.0505498943
63 70 0.535890681
64 70 0
65 70 0
66 70 0
67 70 10.2211696
68 70 0.127129669
69 70 -1.05427789
70 70 0
71 70 0
72 70 0
73 70 -5.06948137
74 70 -0.076579775
75 70 0.518387207
76 70 0
77 70 0
78 70 0
61 71 -0.0489311566
62 71 -0.000480127038
63 71 0.0050899336
64 71 0
65 71 0
66 71 0
67 71 -0.491113651
68 71 -0.00767781001
69 71 0.0501331354
70 71 0
71 71 0
72 71 0
73 71 0.540044808
74 71 0.00815793705
75 71 -0.055223069
76 71 0
77 71 0
78 71 0
61 72 -99.3238577
62 72 -0.974595185
63 72 10.3319005
64 72 0
65 72 0
66 72 0
67 72 198.660523
68 72 2.47517856
69 72 -20.489716
70 72 0
71 72 0
72 72 0
73 72 -99.3366649
74 72 -1.50058337
75 72 10.1578155
76 72 0
77 72 0
78 72 0
67 73 -0.989428378
68 73 -0.014946342
69 73 0.101175441
70 73 -5.06948137
71 73 0.540044808
72 73 -99.3366649
73 73 1.97832529
74 73 0.0235912497
75 73 -0.205602786
76 73 10.2962526
77 73 -0.119897736
78 73 198.640575
79 73 -0.988896917
80 73 -0.0086449077
81 73 0.104427345
82 73 -5.22677123
83 73 -0.420147072
84 73 -99.3039099
67 74 -0.014946342
68 74 -0.000225780001
69 74 0.00152835999
70 74 -0.076579775
71 74 0.00815793705
72 74 -1.50058337
73 74 0.0235912497
74 74 0.00030135353
75 74 -0.00244126077
76 74 0.122272055
77 74 -0.00448502372
78 74 2.36869523
79 74 -0.0086449077
80 74 -7.55735283e-05
81 74 0.000912900774
82 74 -0.04569228
83 74 -0.00367291332
84 74 -0.868111853
67 75 0.101175441
68 75 0.00152835999
69 75 -0.0103458422
70 75 0.518387207
71 75 -0.055223069
72 75 10.1578155
73 75 -0.205602786
74 75 -0.00244126077
75 75 0.021373352
76 75 -1.07033335
77 75 0.0108556101
78 75 -20.6442914
79 75 0.104427345
80 75 0.000912900774
81 75 -0.0110275098
82 75 0.551946147
83 75 0.044367459
84 75 10.4864759
67 76 -5.06948137
68 76 -0.076579775
69 76 0.518387207
70 76 0
71 76 0
72 76 0
73 76 10.2962526
74 76 0.122272055
75 76 -1.07033335
76 76 0
77 76 0
78 76 0
79 76 -5.22677123
80 76 -0.04569228
81 76 0.551946147
82 76 0
83 76 0
84 76 0
67 77 0.540044808
68 77 0.00815793705
69 77 -0.055223069
70 77 0
71 77 0
72 77 0
73 77 -0.119897736
74 77 -0.00448502372
75 77 0.0108556101
76 77 0
77 77 0
78 77 0
79 77 -0.420147072
80 77 -0.00367291332
81 77 0.044367459
82 77 0
83 77 0
84 77 0
67 78 -99.3366649
68 78 -1.50058337
69 78 10.1578155
70 78 0
71 78 0
72 78 0
73 78 198.640575
74 78 2.36869523
75 78 -20.6442914
76 78 0
77 78 0
78 78 0
79 78 -99.3039099
80 78 -0.868111853
81 78 10.4864759
82 78 0
83 78 0
84 78 0
73 79 -0.988896917
74 79 -0.0086449077
75 79 0.104427345
76 79 -5.22677123
77 79 -0.420147072
78 79 -99.3039099
79 79 1.98186146
80 79 0.0179124976
81 79 -0.187493982
82 79 9.3797434
83 79 1.2526657
84 79 198.860209
85 79 -0.992964548
86 79 -0.0092675899
87 79 0.083066637
88 79 -4.15297218
89 79 -0.83251863
90 79 -99.556299
73 80 -0.0086449077
74 80 -7.55735283e-05
75 80 0.000912900774
76 80 -0.04569228
77 80 -0.00367291332
78 80 -0.868111853
79 80 0.0179124976
80 80 0.000162070295
81 80 -0.00168818276
82 80 0.0844530224
83 80 0.0114430208
84 80 1.79729604
85 80 -0.0092675899
86 80 -8.64967665e-05
87 80 0.000775281985
88 80 -0.0387607423
89 80 -0.00777010747
90 80 -0.929184183
73 81 0.104427345
74 81 0.000912900774
75 81 -0.0110275098
76 81 0.551946147
77 81 0.044367459
78 81 10.4864759
79 81 -0.187493982
80 81 -0.00168818276
81 81 0.017976465
82 81 -0.89936382
83 81 -0.114011962
84 81 -18.8148769
85 81 0.083066637
86 81 0.000775281985
87 81 -0.00694895522
88 81 0.347417672
89 81 0.0696445034
90 81 8.32840102
73 82 -5.22677123
74 82 -0.04569228
75 82 0.551946147
76 82 0
77 82 0
78 82 0
79 82 9.3797434
80 82 0.0844530224
81 82 -0.89936382
82 82 0
83 82 0
84 82 0
85 82 -4.15297218
86 82 -0.0387607423
87 82 0.347417672
88 82 0
89 82 0
90 82 0
73 83 -0.420147072
74 83 -0.00367291332
75 83 0.044367459
76 83 0
77 83 0
78 83 0
79 83 1.2526657
80 83 0.0114430208
81 83 -0.114011962
82 83 0
83 83 0
84 83 0
85 83 -0.83251863
86 83 -0.00777010747
87 83 0.0696445034
88 83 0
89 83 0
90 83 0
73 84 -99.3039099
74 84 -0.868111853
75 84 10.4864759
76 84 0
77 84 0
78 84 0
79 84 198.860209
80 84 1.79729604
81 84 -18.8148769
82 84 0
83 84 0
84 84 0
85 84 -99.556299
86 84 -0.929184183
87 84 8.32840102
88 84 0
89 84 0
90 84 0
79 85 -0.992964548
80 85 -0.0092675899
81 85 0.083066637
82 85 -4.15297218
83 85 -0.83251863
84 85 -99.556299
85 85 1.98137057
86 85 0.0277539216
87 85 -0.188507692
88 85 9.4341103
89 85 0.681086143
90 85 198.830187
91 85 -0.988406019
92 85 -0.0184863317
93 85 0.105441055
94 85 -5.28113812
95 85 0.151432486
96 85 -99.273888
79 86 -0.0092675899
80 86 -8.64967665e-05
81 86 0.000775281985
82 86 -0.0387607423
83 86 -0.00777010747
84 86 -0.929184183
85 86 0.0277539216
86 86 0.00043224988
87 86 -0.00274736458
88 86 0.137534798
89 86 0.00493783903
90 86 2.78592118
91 86 -0.0184863317
92 86 -0.000345753114
93 86 0.00197208259
94 86 -0.0987740554
95 86 0.00283226844
96 86 -1.85673699
79 87 0.083066637
80 87 0.000775281985
81 87 -0.00694895522
82 87 0.347417672
83 87 0.0696445034
84 87 8.32840102
85 87 -0.188507692
86 87 -0.00274736458
87 87 0.0181971829
88 87 -0.910798269
89 87 -0.0534900074
90 87 -18.9187285
91 87 0.105441055
92 87 0.00197208259
93 87 -0.0112482277
94 87 0.563380596
95 87 -0.016154496
96 87 10.5903275
79 88 -4.15297218
80 88 -0.0387607423
81 88 0.347417672
82 88 0
83 88 0
84 88 0
85 88 9.4341103
86 88 0.137534798
87 88 -0.910798269
88 88 0
89 88 0
90 88 0
91 88 -5.28113812
92 88 -0.0987740554
93 88 0.563380596
94 88 0
95 88 0
96 88 0
79 89 -0.83251863
80 89 -0.00777010747
81 89 0.0696445034
82 89 0
83 89 0
84 89 0
85 89 0.681086143
86 89 0.00493783903
87 89 -0.0534900074
88 89 0
89 89 0
90 89 0
91 89 0.151432486
92 89 0.00283226844
93 89 -0.016154496
94 89 0
95 89 0
96 89 0
79 90 -99.556299
80 90 -0.929184183
81 90 8.32840102
82 90 0
83 90 0
84 90 0
85 90 198.830187
86 90 2.78592118
87 90 -18.9187285
88 90 0
89 90 0
90 90 0
91 90 -99.273888
92 90 -1.85673699
93 90 10.5903275
94 90 0
95 90 0
96 90 0
85 91 -0.988406019
86 91 -0.0184863317
87 91 0.105441055
88 91 -5.28113812
89 91 0.151432486
90 91 -99.273888
91 91 1.97753187
92 91 0.0318222333
93 91 -0.208290707
94 91 10.433723
95 91 -0.617833794
96 91 198.591952
97 91 -0.989125856
98 91 -0.0133359016
99 91 0.102849652
100 91 -5.15258485
101 91 0.466401307
102 91 -99.3180637
85 92 -0.0184863317
86 92 -0.000345753114
87 92 0.00197208259
88 92 -0.0987740554
89 92 0.00283226844
90 92 -1.85673699
91 92 0.0318222333
92 92 0.000525554573
93 92 -0.00335875431
94 92 0.168243845
95 92 -0.00912052985
96 92 3.19579402
97 92 -0.0133359016
98 92 -0.000179801459
99 92 0.00138667171
100 92 -0.0694697891
101 92 0.00628826141
102 92 -1.33905703
85 93 0.105441055
86 93 0.00197208259
87 93 -0.0112482277
88 93 0.563380596
89 93 -0.016154496
90 93 10.5903275
91 93 -0.208290707
92 93 -0.00335875431
93 93 0.0219425705
94 93 -1.09914817
95 93 0.0646510669
96 93 -20.9174545
97 93 0.102849652
98 93 0.00138667171
99 93 -0.0106943428
100 93 0.535767573
101 93 -0.0484965709
102 93 10.327127
85 94 -5.28113812
86 94 -0.0987740554
87 94 0.563380596
88 94 0
89 94 0
90 94 0
91 94 10.433723
92 94 0.168243845
93 94 -1.09914817
94 94 0
95 94 0
96 94 0
97 94 -5.15258485
98 94 -0.0694697891
99 94 0.535767573
100 94 0
101 94 0
102 94 0
85 95 0.151432486
86 95 0.00283226844
87 95 -0.016154496
88 95 0
89 95 0
90 95 0
91 95 -0.617833794
92 95 -0.00912052985
93 95 0.0646510669
94 95 0
95 95 0
96 95 0
97 95 0.466401307
98 95 0.00628826141
99 95 -0.0484965709
100 95 0
101 95 0
102 95 0
85 96 -99.273888
86 96 -1.85673699
87 96 10.5903275
88 96 0
89 96 0
90 96 0
91 96 198.591952
92 96 3.19579402
93 96 -20.9174545
94 96 0
95 96 0
96 96 0
97 96 -99.3180637
98 96 -1.33905703
99 96 10.327127
100 96 0
101 96 0
102 96 0
91 97 -0.989125856
92 97 -0.0133359016
93 97 0.102849652
94 97 -5.15258485
95 97 0.466401307
96 97 -99.3180637
97 97 1.98378756
98 97 0.0310755471
99 97 -0.173525713
100 97 8.68626399
101 97 -0.188621803
102 97 198.983743
91 98 -0.0133359016
92 98 -0.000179801459
93 98 0.00138667171
94 98 -0.0694697891
95 98 0.00628826141
96 98 -1.33905703
97 98 0.0310755471
98 98 0.000496185432
99 98 -0.00264716889
100 98 0.132492438
101 98 -0.00133410473
102 98 3.11657979
91 99 0.102849652
92 99 0.00138667171
93 99 -0.0106943428
94 99 0.535767573
95 99 -0.0484965709
96 99 10.327127
97 99 -0.173525713
98 99 -0.00264716889
99 99 0.0157162569
100 99 -0.786854472
101 99 0.0287588438
102 99 -17.4089093
91 100 -5.15258485
92 100 -0.0694697891
93 100 0.535767573
94 100 0
95 100 0
96 100 0
97 100 8.68626399
98 100 0.132492438
99 100 -0.786854472
100 100 0
101 100 0
102 100 0
91 101 0.466401307
92 101 0.00628826141
93 101 -0.0484965709
94 101 0
95 101 0
96 101 0
97 101 -0.188621803
98 101 -0.00133410473
99 101 0.0287588438
100 101 0
101 101 0
102 101 0
91 102 -99.3180637
92 102 -1.33905703
93 102 10.327127
94 102 0
95 102 0
96 102 0
97 102 198.983743
98 102 3.11657979
99 102 -17.4089093
100 102 0
101 102 0
102 102 0
103 103 0.999919808
104 103 0.00807607351
105 103 0.00386810633
106 103 -0.19583113
107 103 0.601089842
108 103 99.9931813
103 104 0.00807607351
104 104 6.52281941e-05
105 104 3.12416164e-05
106 104 -0.00158167344
107 104 0.00485483507
108 104 0.807617047
103 105 0.00386810633
104 105 3.12416164e-05
105 105 1.49634465e-05
106 105 -0.000757556381
107 105 0.00232526589
108 105 0.386815277
103 106 -0.19583113
104 106 -0.00158167344
105 106 -0.000757556381
106 106 0
107 106 0
108 106 0
103 107 0.601089842
104 107 0.00485483507
105 107 0.00232526589
106 107 0
107 107 0
108 107 0
103 108 99.9931813
104 108 0.807617047
105 108 0.386815277
106 108 0
107 108 0
108 108 0
